3.753372999999999848e+01 -1.223371199999999988e+02 0.000000000000000000e+00
3.753405999999999665e+01 -1.223375699999999995e+02 5.404573298102953449e-02
3.753417999999999921e+01 -1.223377200000000045e+02 7.283365169315114684e-02
3.753379999999999939e+01 -1.223382100000000037e+02 1.332672116759203718e-01
3.753340000000000032e+01 -1.223386299999999949e+02 1.911449884026859558e-01
3.753325999999999851e+01 -1.223387599999999935e+02 2.104774099162786127e-01
3.753309999999999746e+01 -1.223388700000000000e+02 2.307408619613071643e-01
3.753300000000000125e+01 -1.223388999999999953e+02 2.421706874163768730e-01
3.753291000000000111e+01 -1.223388800000000032e+02 2.523324324894908877e-01
3.753278000000000247e+01 -1.223388000000000062e+02 2.684171837721955334e-01
3.753249999999999886e+01 -1.223384599999999978e+02 3.116398576033369561e-01
3.753244999999999720e+01 -1.223383999999999929e+02 3.193146463442783078e-01
3.753204000000000207e+01 -1.223378799999999984e+02 3.839747898962101447e-01
3.753191000000000344e+01 -1.223376800000000060e+02 4.067778346141930901e-01
3.753179000000000087e+01 -1.223375099999999946e+02 4.268467215498375489e-01
3.753171999999999997e+01 -1.223373799999999960e+02 4.407028642086281978e-01
3.753168000000000148e+01 -1.223372899999999959e+02 4.498004086157789683e-01
3.753161000000000058e+01 -1.223371099999999956e+02 4.674785069569182272e-01
3.753159000000000134e+01 -1.223369500000000016e+02 4.817614266116092003e-01
3.753157000000000210e+01 -1.223367700000000013e+02 4.977887843904116316e-01
3.753157999999999817e+01 -1.223365799999999979e+02 5.145797575435834270e-01
3.753161999999999665e+01 -1.223363200000000006e+02 5.379338863314204744e-01
3.753166999999999831e+01 -1.223361100000000050e+02 5.572681964350054695e-01
3.753171999999999997e+01 -1.223359600000000000e+02 5.716160867650962318e-01
3.753170999999999680e+01 -1.223358599999999967e+02 5.805038574880244662e-01
3.753170999999999680e+01 -1.223358400000000046e+02 5.822674452812509616e-01
3.753173000000000314e+01 -1.223357100000000059e+02 5.939444915692601024e-01
3.753173000000000314e+01 -1.223356299999999948e+02 6.009988408542673577e-01
3.753171999999999997e+01 -1.223354700000000008e+02 6.151512905761192807e-01
3.753170000000000073e+01 -1.223351600000000019e+02 6.425772152241997492e-01
3.753166000000000224e+01 -1.223349900000000048e+02 6.582136488736975988e-01
3.753161000000000058e+01 -1.223347399999999965e+02 6.809487990740797914e-01
3.753157999999999817e+01 -1.223345300000000009e+02 6.997645666162091160e-01
3.753155000000000285e+01 -1.223343399999999974e+02 7.168475494959042349e-01
3.753153999999999968e+01 -1.223342800000000068e+02 7.222539098406945968e-01
3.753152999999999651e+01 -1.223339500000000015e+02 7.513744140250507852e-01
3.753152999999999651e+01 -1.223338099999999997e+02 7.637195583761928752e-01
3.753152999999999651e+01 -1.223335299999999961e+02 7.884098470784701718e-01
3.753152999999999651e+01 -1.223333800000000053e+02 8.016367874537090321e-01
3.753155000000000285e+01 -1.223332300000000004e+02 8.150493796527255030e-01
3.753155999999999892e+01 -1.223330799999999954e+02 8.283229724447589426e-01
3.753159999999999741e+01 -1.223328999999999951e+02 8.448067029516066473e-01
3.753166999999999831e+01 -1.223325600000000009e+02 8.757816419538113628e-01
3.753168999999999755e+01 -1.223324900000000071e+02 8.823426036734826061e-01
3.753171999999999997e+01 -1.223323699999999974e+02 8.934374945796471623e-01
3.753179000000000087e+01 -1.223322000000000003e+02 9.103283155776976665e-01
3.753186999999999784e+01 -1.223320200000000000e+02 9.285233802582729679e-01
3.753199000000000041e+01 -1.223317600000000027e+02 9.550502321255605054e-01
3.753206000000000131e+01 -1.223316200000000009e+02 9.696442615042802915e-01
3.753217999999999677e+01 -1.223313600000000037e+02 9.961710628927346045e-01
3.753224999999999767e+01 -1.223312099999999987e+02 1.011518175503896000e+00
3.753229000000000326e+01 -1.223311099999999954e+02 1.021394297150633124e+00
3.753231999999999857e+01 -1.223310199999999952e+02 1.030002971511482235e+00
3.753235000000000099e+01 -1.223309299999999951e+02 1.038611642929827772e+00
3.753242000000000189e+01 -1.223306400000000025e+02 1.065341806637542854e+00
3.753251000000000204e+01 -1.223300700000000063e+02 1.116590160434988821e+00
3.753255999999999659e+01 -1.223297900000000027e+02 1.141898354894089085e+00
3.753258999999999901e+01 -1.223296100000000024e+02 1.158117221419585396e+00
3.753260999999999825e+01 -1.223295200000000023e+02 1.166358982164035440e+00
3.753269000000000233e+01 -1.223290999999999968e+02 1.204447217907561152e+00
3.753271000000000157e+01 -1.223290300000000030e+02 1.211008100208502913e+00
3.753278000000000247e+01 -1.223286899999999946e+02 1.241982607330084143e+00
3.753282999999999703e+01 -1.223283399999999972e+02 1.273341727128784573e+00
3.753285999999999945e+01 -1.223281400000000048e+02 1.291290058665707674e+00
3.753289999999999793e+01 -1.223276000000000039e+02 1.339113464147452248e+00
3.753296000000000276e+01 -1.223270399999999967e+02 1.388941783443105482e+00
3.753300000000000125e+01 -1.223269800000000060e+02 1.395853666152795380e+00
3.753300999999999732e+01 -1.223267799999999994e+02 1.413524258139902789e+00
3.753302000000000049e+01 -1.223265899999999959e+02 1.430314908525488926e+00
3.753307000000000215e+01 -1.223257200000000040e+02 1.507230806350859265e+00
3.753307000000000215e+01 -1.223256300000000039e+02 1.515166806709475011e+00
3.753305999999999898e+01 -1.223254699999999957e+02 1.529319003730152060e+00
3.753305000000000291e+01 -1.223253700000000066e+02 1.538206617267808163e+00
3.753303999999999974e+01 -1.223252999999999986e+02 1.544478421680090863e+00
3.753300000000000125e+01 -1.223251499999999936e+02 1.558432914155373217e+00
3.753289000000000186e+01 -1.223248399999999947e+02 1.588379851284241084e+00
3.753280999999999779e+01 -1.223246800000000007e+02 1.605058609988036178e+00
3.753265999999999991e+01 -1.223244399999999956e+02 1.632004101963951959e+00
3.753244000000000113e+01 -1.223239899999999949e+02 1.678619090809601033e+00
3.753231000000000250e+01 -1.223237699999999961e+02 1.702811846494602488e+00
3.753199000000000041e+01 -1.223232500000000016e+02 1.760851524654691413e+00
3.753177000000000163e+01 -1.223229900000000043e+02 1.794378546188334811e+00
3.753168000000000148e+01 -1.223229199999999963e+02 1.806136580586393148e+00
3.753146999999999878e+01 -1.223228199999999930e+02 1.831096998764997874e+00
3.753112999999999744e+01 -1.223226999999999975e+02 1.870356193528990518e+00
3.753063999999999822e+01 -1.223224900000000019e+02 1.927902548740151767e+00
3.753043999999999869e+01 -1.223223799999999954e+02 1.952164870103970884e+00
3.753023000000000309e+01 -1.223222399999999936e+02 1.978578382159506655e+00
3.752976999999999919e+01 -1.223217899999999929e+02 2.043315701562918640e+00
3.752973000000000070e+01 -1.223217400000000055e+02 2.049578522997190788e+00
3.752962999999999738e+01 -1.223216199999999958e+02 2.064928373836619979e+00
3.752951999999999799e+01 -1.223215100000000035e+02 2.080539215446731038e+00
3.752935000000000088e+01 -1.223212900000000047e+02 2.107625943517569045e+00
3.752926999999999680e+01 -1.223211199999999934e+02 2.125057553730396620e+00
3.752918999999999983e+01 -1.223209300000000042e+02 2.144027255730295511e+00
3.752913000000000210e+01 -1.223206700000000069e+02 2.167905663263697935e+00
3.752911000000000286e+01 -1.223204199999999986e+02 2.190063162541534769e+00
3.752909999999999968e+01 -1.223200499999999948e+02 2.222709618420281696e+00
3.752917999999999665e+01 -1.223193600000000032e+02 2.284202318354475736e+00
3.752926000000000073e+01 -1.223191099999999949e+02 2.307974977889951873e+00
3.752938999999999936e+01 -1.223187999999999960e+02 2.338898112835892107e+00
3.752985999999999933e+01 -1.223180700000000058e+02 2.421814503892726123e+00
3.752993000000000023e+01 -1.223179099999999977e+02 2.437928171923678722e+00
3.752998000000000189e+01 -1.223177600000000069e+02 2.452276346715394961e+00
3.753000999999999721e+01 -1.223175899999999956e+02 2.467633859292871268e+00
3.753003999999999962e+01 -1.223173400000000015e+02 2.489930162498457555e+00
3.752998999999999796e+01 -1.223169999999999931e+02 2.520422973868800209e+00
3.752985000000000326e+01 -1.223165800000000019e+02 2.560597879307690672e+00
3.752976999999999919e+01 -1.223162800000000061e+02 2.588507943411564316e+00
3.752969000000000221e+01 -1.223159100000000024e+02 2.622326110204886707e+00
3.752965999999999980e+01 -1.223158300000000054e+02 2.630129600873246876e+00
3.752967999999999904e+01 -1.223155200000000065e+02 2.657556270719649838e+00
3.752978999999999843e+01 -1.223148500000000070e+02 2.717890854559595670e+00
3.752996000000000265e+01 -1.223142200000000059e+02 2.776573202816514652e+00
3.753000000000000114e+01 -1.223140800000000041e+02 2.789695390978507827e+00
3.753002000000000038e+01 -1.223139900000000040e+02 2.797937417089257028e+00
3.753002999999999645e+01 -1.223138200000000069e+02 2.812969434997402818e+00
3.753002999999999645e+01 -1.223136700000000019e+02 2.826196641382613173e+00
3.753000000000000114e+01 -1.223134900000000016e+02 2.842416041052868714e+00
3.752991000000000099e+01 -1.223132399999999933e+02 2.866626557222770266e+00
3.752985999999999933e+01 -1.223129700000000071e+02 2.891076099278594214e+00
3.752987000000000251e+01 -1.223128300000000053e+02 2.903471494575222245e+00
3.752996000000000265e+01 -1.223126599999999939e+02 2.921495831427181944e+00
3.753012999999999977e+01 -1.223123899999999935e+02 2.951896415368726156e+00
3.753040000000000020e+01 -1.223119400000000070e+02 3.001655628588131730e+00
3.753045999999999793e+01 -1.223118300000000005e+02 3.013428460413194454e+00
3.753126000000000317e+01 -1.223104600000000062e+02 3.163453540731674174e+00
3.753135999999999939e+01 -1.223102599999999995e+02 3.184302297143269733e+00
3.753144999999999953e+01 -1.223100199999999944e+02 3.207712325389886932e+00
3.753152000000000044e+01 -1.223097999999999956e+02 3.228615116321896128e+00
3.753157000000000210e+01 -1.223094899999999967e+02 3.256510451121455763e+00
3.753168000000000148e+01 -1.223087699999999955e+02 3.321167166709389384e+00
3.753175000000000239e+01 -1.223085300000000046e+02 3.343716222163930052e+00
3.753184000000000253e+01 -1.223083000000000027e+02 3.366332134250394237e+00
3.753188000000000102e+01 -1.223081999999999994e+02 3.376208299176802985e+00
3.753193000000000268e+01 -1.223080499999999944e+02 3.390556155174485831e+00
3.753213000000000221e+01 -1.223075900000000047e+02 3.436814952377747812e+00
3.753226000000000084e+01 -1.223073499999999996e+02 3.462443566809188855e+00
3.753242000000000189e+01 -1.223071400000000040e+02 3.488122833875861861e+00
3.753255999999999659e+01 -1.223070000000000022e+02 3.507990877949392683e+00
3.753264999999999674e+01 -1.223068899999999957e+02 3.521927645312250110e+00
3.753280999999999779e+01 -1.223067400000000049e+02 3.544096828919463871e+00
3.753300000000000125e+01 -1.223064799999999934e+02 3.575273193227048285e+00
3.753314999999999912e+01 -1.223062500000000057e+02 3.601531743255577123e+00
3.753343000000000274e+01 -1.223057299999999969e+02 3.656955533147567827e+00
3.753352999999999895e+01 -1.223054699999999997e+02 3.682435899136450974e+00
3.753365000000000151e+01 -1.223051399999999944e+02 3.714447877511646734e+00
3.753367999999999682e+01 -1.223049500000000052e+02 3.731530397730117521e+00
3.753379000000000332e+01 -1.223045400000000029e+02 3.769696041394171804e+00
3.753385000000000105e+01 -1.223041900000000055e+02 3.801270860663179985e+00
3.753385000000000105e+01 -1.223041699999999992e+02 3.803034397854590853e+00
3.753392000000000195e+01 -1.223035299999999950e+02 3.860001819104688092e+00
3.753390999999999877e+01 -1.223026899999999983e+02 3.934078662632443102e+00
3.753392000000000195e+01 -1.223024699999999996e+02 3.953509397292720884e+00
3.753394999999999726e+01 -1.223021600000000007e+02 3.981046988233294393e+00
3.753401999999999816e+01 -1.223019100000000066e+02 4.004424985965751915e+00
3.753410000000000224e+01 -1.223016499999999951e+02 4.029016231431591599e+00
3.753419000000000239e+01 -1.223014100000000042e+02 4.052425556812667473e+00
3.753430999999999784e+01 -1.223011900000000054e+02 4.075970401813188815e+00
3.753461000000000070e+01 -1.223007599999999968e+02 4.126471801336815126e+00
3.753481000000000023e+01 -1.223004999999999995e+02 4.158411761652915040e+00
3.753491999999999962e+01 -1.223003499999999946e+02 4.176426879676585102e+00
3.753493000000000279e+01 -1.223002299999999991e+02 4.187066216434521593e+00
3.753497000000000128e+01 -1.223001900000000006e+02 4.192742728167034194e+00
3.753504000000000218e+01 -1.223001200000000068e+02 4.202676620870637869e+00
3.753504999999999825e+01 -1.223001000000000005e+02 4.204761421802865051e+00
3.753531000000000262e+01 -1.222997699999999952e+02 4.245779857152755632e+00
3.753562000000000154e+01 -1.222993699999999961e+02 4.295097012842187922e+00
3.753627999999999787e+01 -1.222985299999999995e+02 4.399364635307258631e+00
3.753654999999999831e+01 -1.222981500000000068e+02 4.444353678298382349e+00
3.753681999999999874e+01 -1.222977699999999999e+02 4.489342630939260559e+00
3.753690000000000282e+01 -1.222976699999999965e+02 4.501867682008847460e+00
3.753701000000000221e+01 -1.222975399999999979e+02 4.518630659360652224e+00
3.753708000000000311e+01 -1.222974300000000056e+02 4.531066755407971769e+00
3.753714999999999691e+01 -1.222973300000000023e+02 4.542828128839336621e+00
3.753719000000000250e+01 -1.222973800000000040e+02 4.549090641472212759e+00
3.753723999999999705e+01 -1.222974200000000025e+02 4.555674706350851366e+00
3.753728999999999871e+01 -1.222974700000000041e+02 4.562770260979698733e+00
3.753741999999999734e+01 -1.222976100000000059e+02 4.581779091853180219e+00
3.753784000000000276e+01 -1.222981400000000036e+02 4.647846369866900140e+00
3.753860000000000241e+01 -1.222990800000000036e+02 4.766214234600083088e+00
3.753896999999999906e+01 -1.222995700000000028e+02 4.825873624260113459e+00
3.753905000000000314e+01 -1.222996200000000044e+02 4.835801705721690880e+00
3.753911000000000087e+01 -1.222996499999999997e+02 4.842978625909009516e+00
3.753918999999999784e+01 -1.222996799999999951e+02 4.852259156229409953e+00
3.753925999999999874e+01 -1.222997000000000014e+02 4.860240054831961309e+00
3.753936999999999813e+01 -1.222997000000000014e+02 4.872471496762794452e+00
3.753945000000000221e+01 -1.222995899999999949e+02 4.885631929331967882e+00
3.753947999999999752e+01 -1.222995800000000060e+02 4.889082332106895912e+00
3.753985000000000127e+01 -1.222988799999999969e+02 4.963257178458317043e+00
3.754019000000000261e+01 -1.222982499999999959e+02 5.030449173777892469e+00
3.754028999999999883e+01 -1.222979899999999986e+02 5.055927669885202924e+00
3.754034999999999656e+01 -1.222977599999999967e+02 5.077275879231454958e+00
3.754039000000000215e+01 -1.222976299999999981e+02 5.089570597703823474e+00
3.754043000000000063e+01 -1.222971600000000052e+02 5.131248088768667337e+00
3.754041000000000139e+01 -1.222970300000000066e+02 5.142923822238255838e+00
3.754043999999999670e+01 -1.222962799999999959e+02 5.209134723022888380e+00
3.754046999999999912e+01 -1.222956099999999964e+02 5.268302098388718768e+00
3.754046999999999912e+01 -1.222955199999999962e+02 5.276237311254374340e+00
3.754055000000000319e+01 -1.222951500000000067e+02 5.310050928116170077e+00
3.754059999999999775e+01 -1.222950100000000049e+02 5.323588889645800570e+00
3.754068000000000183e+01 -1.222948499999999967e+02 5.340266401713981814e+00
3.754079000000000121e+01 -1.222946500000000043e+02 5.361726995563151910e+00
3.754155000000000086e+01 -1.222934999999999945e+02 5.493720385701677422e+00
3.754214999999999947e+01 -1.222925500000000056e+02 5.600803191567070627e+00
3.754229999999999734e+01 -1.222924100000000038e+02 5.621553032359174473e+00
3.754238999999999749e+01 -1.222923499999999990e+02 5.632872710744818434e+00
3.754252999999999929e+01 -1.222922999999999973e+02 5.649052139584486376e+00
3.754276000000000124e+01 -1.222922899999999942e+02 5.674642165415122008e+00
3.754278000000000048e+01 -1.222922800000000052e+02 5.677034456062003187e+00
3.754287000000000063e+01 -1.222922599999999989e+02 5.687196160628873010e+00
3.754296000000000078e+01 -1.222921999999999940e+02 5.698515820113839503e+00
3.754308000000000334e+01 -1.222920699999999954e+02 5.716105986497140634e+00
3.754319999999999879e+01 -1.222918399999999934e+02 5.740380448412516934e+00
3.754307000000000016e+01 -1.222917499999999933e+02 5.756870444464503578e+00
3.754252000000000322e+01 -1.222915600000000040e+02 5.820280382035044831e+00
3.754227999999999810e+01 -1.222914700000000039e+02 5.848121874415267207e+00
3.754214000000000340e+01 -1.222913800000000037e+02 5.865594858527774846e+00
3.754200000000000159e+01 -1.222912699999999973e+02 5.883936046832873856e+00
3.754178000000000281e+01 -1.222910300000000063e+02 5.916280833956089502e+00
3.754175000000000040e+01 -1.222910100000000000e+02 5.920054066495777256e+00
3.754167000000000343e+01 -1.222909199999999998e+02 5.931974515470065157e+00
3.754178999999999888e+01 -1.222908400000000029e+02 5.947067447173652432e+00
3.754200999999999766e+01 -1.222907100000000042e+02 5.974082341187403777e+00
3.754213000000000022e+01 -1.222906299999999931e+02 5.989175257860290813e+00
3.754225000000000279e+01 -1.222905599999999993e+02 6.003876817106063690e+00
3.754245999999999839e+01 -1.222904300000000006e+02 6.029889051818453360e+00
3.754261999999999944e+01 -1.222903299999999973e+02 6.049745029384467010e+00
3.754269000000000034e+01 -1.222902799999999957e+02 6.058690331713462385e+00
3.754272000000000276e+01 -1.222902500000000003e+02 6.062947544586772430e+00
3.754281000000000290e+01 -1.222901800000000065e+02 6.074705099304543054e+00
3.754312999999999789e+01 -1.222899000000000029e+02 6.118012475779219805e+00
3.754330000000000211e+01 -1.222897300000000058e+02 6.142136618360126477e+00
3.754346999999999923e+01 -1.222895400000000024e+02 6.167394093631085816e+00
3.754354000000000013e+01 -1.222894600000000054e+02 6.177898057515769814e+00
3.754361000000000104e+01 -1.222893600000000021e+02 6.189658858270886022e+00
3.754372999999999649e+01 -1.222891999999999939e+02 6.209076317616790242e+00
3.754381000000000057e+01 -1.222890799999999984e+02 6.222898911132261013e+00
3.754399000000000086e+01 -1.222887800000000027e+02 6.256067862924722611e+00
3.754411000000000342e+01 -1.222885899999999992e+02 6.277484037447634613e+00
3.754415000000000191e+01 -1.222885200000000054e+02 6.285091315020249425e+00
3.754419000000000040e+01 -1.222884499999999974e+02 6.292698589907504747e+00
3.754428999999999661e+01 -1.222882699999999971e+02 6.312076104165601720e+00
3.754431999999999903e+01 -1.222882299999999987e+02 6.316930447179774255e+00
3.754433999999999827e+01 -1.222881699999999938e+02 6.322668776939083024e+00
3.754444999999999766e+01 -1.222879999999999967e+02 6.342014233956239977e+00
3.754448000000000008e+01 -1.222879400000000061e+02 6.348268071412162428e+00
3.754455000000000098e+01 -1.222878400000000028e+02 6.360028788831411539e+00
3.754464999999999719e+01 -1.222876600000000025e+02 6.379406240328325595e+00
3.754467000000000354e+01 -1.222876200000000040e+02 6.383575457496941219e+00
3.754487999999999914e+01 -1.222872399999999971e+02 6.424412574014827904e+00
3.754500000000000171e+01 -1.222870199999999983e+02 6.447955127779673390e+00
3.754518000000000200e+01 -1.222866899999999930e+02 6.483268910197131696e+00
3.754522999999999655e+01 -1.222866000000000071e+02 6.492957583207045857e+00
3.754531999999999670e+01 -1.222864399999999989e+02 6.510253073820171821e+00
3.754565000000000197e+01 -1.222858200000000011e+02 6.576088564873304954e+00
3.754594000000000165e+01 -1.222853499999999940e+02 6.628594001956270354e+00
3.754603000000000179e+01 -1.222851900000000001e+02 6.645889382993076744e+00
3.754610999999999876e+01 -1.222850499999999982e+02 6.661103677556381442e+00
3.754596000000000089e+01 -1.222849099999999964e+02 6.681853143107726822e+00
3.754556999999999789e+01 -1.222845599999999990e+02 6.735076863180150752e+00
3.754540000000000077e+01 -1.222843900000000019e+02 6.759200722219969037e+00
3.754504000000000019e+01 -1.222840300000000013e+02 6.810286611460259820e+00
3.754496999999999929e+01 -1.222840099999999950e+02 6.818267479858528546e+00
3.754487000000000307e+01 -1.222839500000000044e+02 6.830581105559903499e+00
3.754476999999999975e+01 -1.222838699999999932e+02 6.843748849939620627e+00
3.754471999999999809e+01 -1.222838600000000042e+02 6.849378065511177560e+00
3.754469000000000278e+01 -1.222838500000000010e+02 6.852828452452301988e+00
3.754464999999999719e+01 -1.222838600000000042e+02 6.857362786910675467e+00
3.754457000000000022e+01 -1.222838699999999932e+02 6.866301963966366273e+00
3.754332999999999743e+01 -1.222848000000000042e+02 7.026721036386556207e+00
3.754332000000000136e+01 -1.222848099999999931e+02 7.028140102788025700e+00
3.754305999999999699e+01 -1.222850099999999998e+02 7.062003887442534378e+00
3.754265000000000185e+01 -1.222852900000000034e+02 7.113848520883637505e+00
3.754261999999999944e+01 -1.222853099999999955e+02 7.117621743806656021e+00
3.754254999999999853e+01 -1.222853199999999987e+02 7.125455163309195150e+00
3.754249999999999687e+01 -1.222853099999999955e+02 7.131084382992850301e+00
3.754243999999999915e+01 -1.222852800000000002e+02 7.138261258856910096e+00
3.754223999999999961e+01 -1.222850999999999999e+02 7.165582134524017377e+00
3.754146999999999679e+01 -1.222844800000000021e+02 7.267164267436234226e+00
3.754126000000000118e+01 -1.222843000000000018e+02 7.295397767264563349e+00
3.754100999999999999e+01 -1.222840400000000045e+02 7.331429246732433569e+00
3.754115000000000180e+01 -1.222838100000000026e+02 7.356994196295994826e+00
3.754120000000000346e+01 -1.222837200000000024e+02 7.366683220587772141e+00
3.754133000000000209e+01 -1.222835000000000036e+02 7.390874121935616436e+00
3.754144000000000148e+01 -1.222833100000000002e+02 7.411616221057597542e+00
3.754164999999999708e+01 -1.222830199999999934e+02 7.446243118678870232e+00
3.754171000000000191e+01 -1.222829799999999949e+02 7.453789585636653392e+00
3.754182999999999737e+01 -1.222829700000000059e+02 7.467162073787315002e+00
3.754196000000000311e+01 -1.222829899999999981e+02 7.481724568777914364e+00
3.754200999999999766e+01 -1.222830199999999934e+02 7.487881426361464143e+00
3.754223999999999961e+01 -1.222831500000000062e+02 7.515907184306618305e+00
3.754245000000000232e+01 -1.222832800000000049e+02 7.541919419697111771e+00
3.754261999999999944e+01 -1.222834299999999956e+02 7.564989507013040182e+00
3.754270000000000351e+01 -1.222835400000000021e+02 7.578149628029878571e+00
3.754312999999999789e+01 -1.222844199999999972e+02 7.669285681432994828e+00
3.754332000000000136e+01 -1.222848099999999931e+02 7.709642290971244982e+00
3.754455000000000098e+01 -1.222838899999999995e+02 7.868655125273298800e+00
3.754457000000000022e+01 -1.222838699999999932e+02 7.871493239930166474e+00
3.754482999999999748e+01 -1.222836900000000071e+02 7.904473071727881717e+00
3.754491999999999763e+01 -1.222836300000000023e+02 7.915792666220038853e+00
3.754500999999999777e+01 -1.222837999999999994e+02 7.933814487027509799e+00
3.754505000000000337e+01 -1.222838799999999964e+02 7.942152891754166610e+00
3.754511999999999716e+01 -1.222839599999999933e+02 7.952656755263074473e+00
3.754565000000000197e+01 -1.222844300000000004e+02 8.024699356235000636e+00
3.754603000000000179e+01 -1.222848000000000042e+02 8.078079910211991788e+00
3.754617999999999967e+01 -1.222849400000000060e+02 8.098829368868962320e+00
3.754623000000000133e+01 -1.222849800000000045e+02 8.105413205964321577e+00
3.754628999999999905e+01 -1.222850399999999951e+02 8.113927474987599808e+00
3.754632999999999754e+01 -1.222850999999999999e+02 8.120838633794678074e+00
3.754635999999999996e+01 -1.222851799999999969e+02 8.128640698916477447e+00
3.754646000000000328e+01 -1.222852800000000002e+02 8.142831136268680936e+00
3.754666999999999888e+01 -1.222854700000000037e+02 8.171568805902502675e+00
3.754679999999999751e+01 -1.222856000000000023e+02 8.190016343415322808e+00
3.754733000000000231e+01 -1.222861300000000000e+02 8.265225406301803801e+00
3.754818000000000211e+01 -1.222869199999999950e+02 8.382630185046737736e+00
3.754860000000000042e+01 -1.222873100000000051e+02 8.440623331565273446e+00
3.754921999999999827e+01 -1.222878800000000012e+02 8.525934351513569709e+00
3.754939000000000249e+01 -1.222880499999999984e+02 8.550057733385582281e+00
3.754955000000000354e+01 -1.222882199999999955e+02 8.573320027551350364e+00
3.755019999999999669e+01 -1.222887699999999995e+02 8.660353907840478982e+00
3.755044000000000182e+01 -1.222889899999999983e+02 8.693343842703434632e+00
3.755058999999999969e+01 -1.222890799999999984e+02 8.711814025418309626e+00
3.755071999999999832e+01 -1.222891500000000065e+02 8.727531467125480447e+00
3.755131000000000085e+01 -1.222893100000000004e+02 8.794635634909511168e+00
3.755167000000000144e+01 -1.222894100000000037e+02 8.835625018890100435e+00
3.755183999999999855e+01 -1.222895000000000039e+02 8.856125681070928124e+00
3.755199999999999960e+01 -1.222896300000000025e+02 8.877288452120486895e+00
3.755230999999999852e+01 -1.222898899999999998e+02 8.918683536819200341e+00
3.755259999999999820e+01 -1.222901600000000002e+02 8.958763018420748736e+00
3.755297999999999803e+01 -1.222904800000000023e+02 9.009568317501498669e+00
3.755308999999999742e+01 -1.222905800000000056e+02 9.024645444249017601e+00
3.755326999999999771e+01 -1.222907600000000059e+02 9.050187336043867603e+00
3.755357999999999663e+01 -1.222910600000000017e+02 9.093633938311855403e+00
3.755378000000000327e+01 -1.222912699999999973e+02 9.122569636003545313e+00
3.755384000000000100e+01 -1.222913099999999957e+02 9.130115834797408070e+00
3.755389000000000266e+01 -1.222913700000000006e+02 9.137789577343994551e+00
3.755395000000000039e+01 -1.222914200000000022e+02 9.145785761156123073e+00
3.755407999999999902e+01 -1.222915600000000040e+02 9.164792800837378905e+00
3.755411999999999750e+01 -1.222916199999999947e+02 9.171703536520437794e+00
3.755413999999999675e+01 -1.222916400000000010e+02 9.174541510535769717e+00
3.755422999999999689e+01 -1.222917300000000012e+02 9.187312389965983428e+00
3.755442000000000036e+01 -1.222919299999999936e+02 9.214829424846875838e+00
3.755451999999999657e+01 -1.222920500000000033e+02 9.230176850747641382e+00
3.755487999999999715e+01 -1.222924500000000023e+02 9.283522370786261746e+00
3.755534999999999712e+01 -1.222929599999999937e+02 9.352460326993748296e+00
3.755548999999999893e+01 -1.222931399999999940e+02 9.374688910187716218e+00
3.755564999999999998e+01 -1.222933600000000069e+02 9.401006676725785383e+00
3.755577999999999861e+01 -1.222935399999999930e+02 9.422471165440697405e+00
3.755590999999999724e+01 -1.222937000000000012e+02 9.442667291517780725e+00
3.755593999999999966e+01 -1.222937600000000060e+02 9.448920441069411424e+00
3.755604000000000298e+01 -1.222939099999999968e+02 9.466197023613265316e+00
3.755642999999999887e+01 -1.222944499999999977e+02 9.530590244211964546e+00
3.755653999999999826e+01 -1.222945899999999995e+02 9.547965766212934469e+00
3.755664999999999765e+01 -1.222947099999999949e+02 9.564136794462324787e+00
3.755713999999999686e+01 -1.222951500000000067e+02 9.631017371362126767e+00
3.755749999999999744e+01 -1.222954900000000009e+02 9.681023944414935301e+00
3.755787000000000120e+01 -1.222958100000000030e+02 9.730907223582940802e+00
3.755801999999999907e+01 -1.222959500000000048e+02 9.751655516008160163e+00
3.755843000000000131e+01 -1.222963600000000071e+02 9.809832749495342341e+00
3.755933000000000277e+01 -1.222971600000000052e+02 9.932257638308536585e+00
3.756056999999999846e+01 -1.222983399999999961e+02 1.010497103652746098e+01
3.756130000000000280e+01 -1.222989800000000002e+02 1.020382109037078422e+01
3.756154000000000082e+01 -1.222991899999999958e+02 1.023629901055552516e+01
3.756179999999999808e+01 -1.222994499999999931e+02 1.027319123206225804e+01
3.756183000000000050e+01 -1.222994800000000026e+02 1.027744802365530674e+01
3.756219000000000108e+01 -1.222998199999999969e+02 1.032745346610301418e+01
3.756255999999999773e+01 -1.223002199999999959e+02 1.038163600825274280e+01
3.756280000000000285e+01 -1.223004899999999964e+02 1.041739289747004449e+01
3.756304000000000087e+01 -1.223007700000000000e+02 1.045374233360359639e+01
3.756342000000000070e+01 -1.223012099999999975e+02 1.051109641928313820e+01
3.756390999999999991e+01 -1.223017399999999952e+02 1.058286665514189551e+01
3.756423000000000201e+01 -1.223020800000000037e+02 1.062938746047203864e+01
3.756447000000000003e+01 -1.223023500000000041e+02 1.066514399462660023e+01
3.756503000000000014e+01 -1.223029899999999941e+02 1.074916490675444969e+01
3.756522999999999968e+01 -1.223031799999999976e+02 1.077700409148206617e+01
3.756542000000000314e+01 -1.223033499999999947e+02 1.080290513471128300e+01
3.756571000000000282e+01 -1.223035299999999950e+02 1.083884312939917471e+01
3.756602999999999781e+01 -1.223037400000000048e+02 1.087895167629028492e+01
3.756627999999999901e+01 -1.223039100000000019e+02 1.091053136701880355e+01
3.756633000000000067e+01 -1.223039600000000036e+02 1.091762585467424174e+01
3.756644000000000005e+01 -1.223040500000000037e+02 1.093220433189855534e+01
3.756676000000000215e+01 -1.223043799999999948e+02 1.097816166564426510e+01
3.756692000000000320e+01 -1.223045500000000061e+02 1.100142170939651720e+01
3.756747000000000014e+01 -1.223051300000000055e+02 1.108113010513637420e+01
3.756824999999999903e+01 -1.223060100000000006e+02 1.119748317792670989e+01
3.756853000000000264e+01 -1.223062999999999931e+02 1.123776527185250096e+01
3.756878999999999991e+01 -1.223065899999999999e+02 1.127635423126329250e+01
3.756956000000000273e+01 -1.223074500000000029e+02 1.139070395431770955e+01
3.757048999999999950e+01 -1.223084800000000030e+02 1.152830684430991148e+01
3.757056000000000040e+01 -1.223085499999999968e+02 1.153823890990591217e+01
3.757059999999999889e+01 -1.223085700000000031e+02 1.154302324875269647e+01
3.757113999999999976e+01 -1.223091199999999930e+02 1.162019243522118472e+01
3.757124000000000308e+01 -1.223092199999999963e+02 1.163438105147949031e+01
3.757175999999999760e+01 -1.223097900000000067e+02 1.171097679452519813e+01
3.757195999999999714e+01 -1.223100100000000054e+02 1.174048114134422427e+01
3.757231000000000165e+01 -1.223103799999999950e+02 1.179125470087461558e+01
3.757265000000000299e+01 -1.223107499999999987e+02 1.184118095393902870e+01
3.757314000000000220e+01 -1.223112500000000011e+02 1.191125537999905681e+01
3.757323000000000235e+01 -1.223113500000000045e+02 1.192459031448698070e+01
3.757316999999999751e+01 -1.223114400000000046e+02 1.193495486149578433e+01
3.757271999999999679e+01 -1.223121000000000009e+02 1.201168217510401881e+01
3.757258999999999816e+01 -1.223122900000000044e+02 1.203380338539830596e+01
3.757249000000000194e+01 -1.223124300000000062e+02 1.205041296329168610e+01
3.757233999999999696e+01 -1.223126100000000065e+02 1.207343146821319912e+01
3.757222000000000151e+01 -1.223127400000000051e+02 1.209101870288202285e+01
3.757209999999999894e+01 -1.223128700000000038e+02 1.210860594957750180e+01
3.757171999999999912e+01 -1.223132300000000043e+02 1.216144569298875844e+01
3.757137999999999778e+01 -1.223135599999999954e+02 1.220914446660102115e+01
3.757108999999999810e+01 -1.223138600000000054e+02 1.225084460086926796e+01
3.757095000000000340e+01 -1.223139900000000040e+02 1.227017358650679313e+01
3.757081000000000159e+01 -1.223141300000000058e+02 1.229003768116851880e+01
3.757070999999999827e+01 -1.223142399999999981e+02 1.230478994867366893e+01
3.757059999999999889e+01 -1.223143799999999999e+02 1.232216380370740616e+01
3.757050999999999874e+01 -1.223144900000000064e+02 1.233609713502822025e+01
3.757045000000000101e+01 -1.223145800000000065e+02 1.234646190372870933e+01
3.757032999999999845e+01 -1.223147799999999989e+02 1.236856954087174643e+01
3.757030000000000314e+01 -1.223148400000000038e+02 1.237482182642872885e+01
3.757025000000000148e+01 -1.223149499999999961e+02 1.238599761645730091e+01
3.757023000000000224e+01 -1.223150100000000009e+02 1.239173425093670922e+01
3.757018999999999664e+01 -1.223151399999999995e+02 1.240402469154190435e+01
3.757014999999999816e+01 -1.223153199999999998e+02 1.242050051097384511e+01
3.757009999999999650e+01 -1.223155500000000018e+02 1.244151994195054556e+01
3.757007000000000119e+01 -1.223156699999999972e+02 1.245260963752470573e+01
3.757005000000000194e+01 -1.223157400000000052e+02 1.245916760973930160e+01
3.757001999999999953e+01 -1.223158099999999990e+02 1.246618110964740822e+01
3.756998000000000104e+01 -1.223158899999999960e+02 1.247451751561031941e+01
3.756992000000000331e+01 -1.223159799999999962e+02 1.248488232750698224e+01
3.756978999999999758e+01 -1.223161699999999996e+02 1.250700401434332854e+01
3.756967999999999819e+01 -1.223163399999999967e+02 1.252634552350057362e+01
3.756962000000000046e+01 -1.223164299999999969e+02 1.253671035984772786e+01
3.756945999999999941e+01 -1.223166700000000020e+02 1.256434994734801158e+01
3.756924000000000063e+01 -1.223169900000000041e+02 1.260168425891590971e+01
3.756902000000000186e+01 -1.223173199999999952e+02 1.263968881425065938e+01
3.756886000000000081e+01 -1.223175499999999971e+02 1.266666000544156212e+01
3.756833999999999918e+01 -1.223182900000000046e+02 1.275382088142708348e+01
3.756819999999999737e+01 -1.223184899999999971e+02 1.277733810338200371e+01
3.756804999999999950e+01 -1.223187099999999958e+02 1.280291482585028362e+01
3.756768999999999892e+01 -1.223192700000000031e+02 1.286646385918914248e+01
3.756712999999999880e+01 -1.223200599999999980e+02 1.295987454762796176e+01
3.756790000000000163e+01 -1.223208900000000057e+02 1.307249013556652706e+01
3.756750999999999863e+01 -1.223214499999999987e+02 1.313819163816947189e+01
3.756736000000000075e+01 -1.223216699999999975e+02 1.316376849680840522e+01
3.756812999999999647e+01 -1.223225000000000051e+02 1.327638393801590055e+01
3.756795999999999935e+01 -1.223227499999999992e+02 1.330541547812575409e+01
3.756772999999999740e+01 -1.223231399999999951e+02 1.334825932718844754e+01
3.756768999999999892e+01 -1.223231999999999999e+02 1.335516932349363017e+01
3.756765000000000043e+01 -1.223232600000000048e+02 1.336207932197211079e+01
3.756759000000000270e+01 -1.223233299999999986e+02 1.337116641671076778e+01
3.756743000000000166e+01 -1.223235499999999973e+02 1.339748189327919548e+01
3.756741000000000241e+01 -1.223235700000000037e+02 1.340031967195127294e+01
3.756723000000000212e+01 -1.223238400000000041e+02 1.343141475067682400e+01
3.756705999999999790e+01 -1.223241100000000046e+02 1.346180605684938314e+01
3.756723999999999819e+01 -1.223242999999999938e+02 1.348790272766536269e+01
3.756754000000000104e+01 -1.223246100000000069e+02 1.353102242869093175e+01
3.756723000000000212e+01 -1.223250599999999935e+02 1.358357015728885031e+01
3.756660000000000110e+01 -1.223263000000000034e+02 1.371338493553727922e+01
3.756654000000000337e+01 -1.223262900000000002e+02 1.372011459791095866e+01
3.756611000000000189e+01 -1.223258600000000058e+02 1.378112718542449144e+01
3.756586000000000070e+01 -1.223255999999999943e+02 1.381715380308154373e+01
0.000000000000000000e+00 0.000000000000000000e+00 0.000000000000000000e+00
0.000000000000000000e+00 0.000000000000000000e+00 0.000000000000000000e+00
0.000000000000000000e+00 0.000000000000000000e+00 0.000000000000000000e+00
0.000000000000000000e+00 0.000000000000000000e+00 0.000000000000000000e+00
0.000000000000000000e+00 0.000000000000000000e+00 0.000000000000000000e+00
0.000000000000000000e+00 0.000000000000000000e+00 0.000000000000000000e+00
0.000000000000000000e+00 0.000000000000000000e+00 0.000000000000000000e+00
0.000000000000000000e+00 0.000000000000000000e+00 0.000000000000000000e+00
0.000000000000000000e+00 0.000000000000000000e+00 0.000000000000000000e+00
0.000000000000000000e+00 0.000000000000000000e+00 0.000000000000000000e+00
0.000000000000000000e+00 0.000000000000000000e+00 0.000000000000000000e+00
0.000000000000000000e+00 0.000000000000000000e+00 0.000000000000000000e+00
0.000000000000000000e+00 0.000000000000000000e+00 0.000000000000000000e+00
0.000000000000000000e+00 0.000000000000000000e+00 0.000000000000000000e+00
0.000000000000000000e+00 0.000000000000000000e+00 0.000000000000000000e+00
0.000000000000000000e+00 0.000000000000000000e+00 0.000000000000000000e+00
0.000000000000000000e+00 0.000000000000000000e+00 0.000000000000000000e+00
0.000000000000000000e+00 0.000000000000000000e+00 0.000000000000000000e+00
0.000000000000000000e+00 0.000000000000000000e+00 0.000000000000000000e+00
0.000000000000000000e+00 0.000000000000000000e+00 0.000000000000000000e+00
0.000000000000000000e+00 0.000000000000000000e+00 0.000000000000000000e+00
0.000000000000000000e+00 0.000000000000000000e+00 0.000000000000000000e+00
0.000000000000000000e+00 0.000000000000000000e+00 0.000000000000000000e+00
0.000000000000000000e+00 0.000000000000000000e+00 0.000000000000000000e+00
0.000000000000000000e+00 0.000000000000000000e+00 0.000000000000000000e+00
0.000000000000000000e+00 0.000000000000000000e+00 0.000000000000000000e+00
0.000000000000000000e+00 0.000000000000000000e+00 0.000000000000000000e+00
0.000000000000000000e+00 0.000000000000000000e+00 0.000000000000000000e+00
0.000000000000000000e+00 0.000000000000000000e+00 0.000000000000000000e+00
