3.756586000000000070e+01 -1.223255999999999943e+02 0.000000000000000000e+00
3.756539999999999679e+01 -1.223251400000000046e+02 6.526951463899548223e-02
3.756519999999999726e+01 -1.223249899999999997e+02 9.114162253756476206e-02
3.756508000000000180e+01 -1.223249299999999948e+02 1.054947813730643114e-01
3.756490999999999758e+01 -1.223248499999999979e+02 1.256702133442061664e-01
3.756461999999999790e+01 -1.223245399999999989e+02 1.679361782866125863e-01
3.756427999999999656e+01 -1.223241600000000062e+02 2.184448494738134849e-01
3.756353000000000009e+01 -1.223233400000000017e+02 3.288021218915763710e-01
3.756389999999999674e+01 -1.223227700000000056e+02 3.937390127954036867e-01
3.756414000000000186e+01 -1.223224400000000003e+02 4.332132317379390196e-01
3.756421999999999883e+01 -1.223223200000000048e+02 4.470336079230510240e-01
3.756475999999999971e+01 -1.223215600000000052e+02 5.369928998351405358e-01
3.756526000000000209e+01 -1.223208099999999945e+02 6.233696873262932758e-01
3.756531999999999982e+01 -1.223207299999999975e+02 6.330769307618884234e-01
3.756535000000000224e+01 -1.223206799999999959e+02 6.386040785021843691e-01
3.756566000000000116e+01 -1.223202200000000062e+02 6.918209654388121077e-01
3.756582999999999828e+01 -1.223199800000000010e+02 7.201898677595947040e-01
3.756600000000000250e+01 -1.223197399999999959e+02 7.485587340847233984e-01
3.756638000000000233e+01 -1.223191900000000061e+02 8.128654362230893771e-01
3.756651999999999703e+01 -1.223189899999999994e+02 8.363829810098549755e-01
3.756692999999999927e+01 -1.223184300000000064e+02 9.035736093197921370e-01
3.756727999999999668e+01 -1.223178800000000024e+02 9.657388390129877376e-01
3.756757999999999953e+01 -1.223174599999999970e+02 1.015569459274834552e+00
3.756792000000000087e+01 -1.223169699999999978e+02 1.072966607172724185e+00
3.756824999999999903e+01 -1.223164799999999985e+02 1.129637366138620314e+00
3.756835999999999842e+01 -1.223163399999999967e+02 1.147011497653961820e+00
3.756891999999999854e+01 -1.223155299999999954e+02 1.241742535375117029e+00
3.756929000000000229e+01 -1.223149800000000056e+02 1.305322687013028560e+00
3.756940999999999775e+01 -1.223148999999999944e+02 1.320414397386080685e+00
3.756949000000000183e+01 -1.223148400000000038e+02 1.330763089990318448e+00
3.756956999999999880e+01 -1.223148000000000053e+02 1.340331785993967184e+00
3.756989999999999696e+01 -1.223146399999999971e+02 1.379642420979625861e+00
3.757010999999999967e+01 -1.223145399999999938e+02 1.404601233699533713e+00
3.757018999999999664e+01 -1.223144900000000064e+02 1.414528497461527090e+00
3.757030000000000314e+01 -1.223144000000000062e+02 1.429106751020095434e+00
3.757050000000000267e+01 -1.223142299999999949e+02 1.455921938221693912e+00
3.757054000000000116e+01 -1.223141999999999996e+02 1.461096265113917436e+00
3.757057999999999964e+01 -1.223141600000000011e+02 1.466771730139667884e+00
3.757061000000000206e+01 -1.223141399999999948e+02 1.470544643967812481e+00
3.757072000000000145e+01 -1.223140300000000025e+02 1.486152164299140432e+00
3.757086000000000325e+01 -1.223139000000000038e+02 1.505481170909932942e+00
3.757099999999999795e+01 -1.223137600000000020e+02 1.525345260425807092e+00
3.757124000000000308e+01 -1.223135300000000001e+02 1.558857632396517756e+00
3.757150000000000034e+01 -1.223132700000000028e+02 1.595748000266723254e+00
3.757162999999999897e+01 -1.223131499999999932e+02 1.613659055233747086e+00
3.757209999999999894e+01 -1.223127099999999956e+02 1.678736027398846087e+00
3.757215000000000060e+01 -1.223126599999999939e+02 1.685830301164820355e+00
3.757220999999999833e+01 -1.223126000000000033e+02 1.694343427257342105e+00
3.757225999999999999e+01 -1.223125200000000063e+02 1.703322322587706994e+00
3.757236999999999938e+01 -1.223123800000000045e+02 1.720695982313265482e+00
3.757260999999999740e+01 -1.223120200000000040e+02 1.762154401823607941e+00
3.757278999999999769e+01 -1.223117500000000035e+02 1.793248165108024761e+00
3.757307999999999737e+01 -1.223113400000000013e+02 1.841678244248174945e+00
3.757258000000000209e+01 -1.223108399999999989e+02 1.912620722799896367e+00
3.757224999999999682e+01 -1.223104699999999951e+02 1.961710352180389583e+00
3.757169999999999987e+01 -1.223098700000000036e+02 2.042558351895148672e+00
3.757153000000000276e+01 -1.223096800000000002e+02 2.067811619337624585e+00
3.757108999999999810e+01 -1.223091900000000010e+02 2.133070110092008864e+00
3.757056999999999647e+01 -1.223085999999999984e+02 2.210833584916094718e+00
3.757056000000000040e+01 -1.223085499999999968e+02 2.215378382560734050e+00
3.757048999999999950e+01 -1.223084800000000030e+02 2.225310448156734289e+00
3.756956000000000273e+01 -1.223074500000000029e+02 2.362913338148936226e+00
3.756878999999999991e+01 -1.223065899999999999e+02 2.477263061203353267e+00
3.756824999999999903e+01 -1.223060100000000006e+02 2.556120935794338411e+00
3.756810000000000116e+01 -1.223058400000000034e+02 2.578541734661293994e+00
3.756747000000000014e+01 -1.223051300000000055e+02 2.672474078769222494e+00
3.756680999999999671e+01 -1.223044299999999964e+02 2.768350666643091706e+00
3.756676000000000215e+01 -1.223043799999999948e+02 2.775445136658223788e+00
3.756644000000000005e+01 -1.223040500000000037e+02 2.821402470403933549e+00
3.756633000000000067e+01 -1.223039600000000036e+02 2.835980947628246707e+00
3.756627999999999901e+01 -1.223039100000000019e+02 2.843075435283685781e+00
3.756602999999999781e+01 -1.223037400000000048e+02 2.874655126012203965e+00
3.756571000000000282e+01 -1.223035299999999950e+02 2.914763672903314617e+00
3.756542000000000314e+01 -1.223033499999999947e+02 2.950701667591205446e+00
3.756522999999999968e+01 -1.223031799999999976e+02 2.976602710820423159e+00
3.756503000000000014e+01 -1.223029899999999941e+02 3.004441895548040087e+00
3.756447000000000003e+01 -1.223023500000000041e+02 3.088462807675888655e+00
3.756421999999999883e+01 -1.223020800000000037e+02 3.125056727091212849e+00
3.756390999999999991e+01 -1.223017399999999952e+02 3.170732653850407257e+00
3.756342000000000070e+01 -1.223012099999999975e+02 3.242502889709163671e+00
3.756304000000000087e+01 -1.223007700000000000e+02 3.299856975388705482e+00
3.756280000000000285e+01 -1.223004899999999964e+02 3.336206411522256943e+00
3.756255999999999773e+01 -1.223002199999999959e+02 3.371963300739558633e+00
3.756219000000000108e+01 -1.222998199999999969e+02 3.426145842889287252e+00
3.756179999999999808e+01 -1.222994499999999931e+02 3.480406579253874533e+00
3.756175000000000352e+01 -1.222994099999999946e+02 3.486990021780343785e+00
3.756154000000000082e+01 -1.222991899999999958e+02 3.517342999882654198e+00
3.756130000000000280e+01 -1.222989800000000002e+02 3.549820920067394248e+00
3.756056999999999846e+01 -1.222983399999999961e+02 3.648670973910717485e+00
3.755933000000000277e+01 -1.222971600000000052e+02 3.821384372129642770e+00
3.755843000000000131e+01 -1.222963600000000071e+02 3.943809260942837902e+00
3.755792999999999893e+01 -1.222958699999999936e+02 4.014212920772285642e+00
3.755787000000000120e+01 -1.222958100000000030e+02 4.022726676587968342e+00
3.755749999999999744e+01 -1.222954900000000009e+02 4.072609955755973843e+00
3.755713999999999686e+01 -1.222951500000000067e+02 4.122616528808781489e+00
3.755664999999999765e+01 -1.222947099999999949e+02 4.189497105708582581e+00
3.755653999999999826e+01 -1.222945899999999995e+02 4.205668133957972010e+00
3.755642999999999887e+01 -1.222944499999999977e+02 4.223043655958941933e+00
3.755604000000000298e+01 -1.222939099999999968e+02 4.287436876557641163e+00
3.755593999999999966e+01 -1.222937600000000060e+02 4.304713459101495054e+00
3.755590999999999724e+01 -1.222937000000000012e+02 4.310966608653126642e+00
3.755564999999999998e+01 -1.222933600000000069e+02 4.352609220844113835e+00
3.755548999999999893e+01 -1.222931399999999940e+02 4.378926987382183889e+00
3.755541999999999803e+01 -1.222930400000000049e+02 4.390686734815886894e+00
3.755534999999999712e+01 -1.222929599999999937e+02 4.401189943922000580e+00
3.755487999999999715e+01 -1.222924500000000023e+02 4.470127900129487131e+00
3.755451999999999657e+01 -1.222920500000000033e+02 4.523473420168107495e+00
3.755442000000000036e+01 -1.222919299999999936e+02 4.538820846068873927e+00
3.755422999999999689e+01 -1.222917300000000012e+02 4.566337880949766337e+00
3.755413999999999675e+01 -1.222916400000000010e+02 4.579108760379980936e+00
3.755411999999999750e+01 -1.222916199999999947e+02 4.581946734395313747e+00
3.755407999999999902e+01 -1.222915600000000040e+02 4.588857470078373524e+00
3.755395000000000039e+01 -1.222914200000000022e+02 4.607864509759628469e+00
3.755389000000000266e+01 -1.222913700000000006e+02 4.615860693571756102e+00
3.755384000000000100e+01 -1.222913099999999957e+02 4.623534436118342583e+00
3.755378000000000327e+01 -1.222912699999999973e+02 4.631080634912206229e+00
3.755362000000000222e+01 -1.222911100000000033e+02 4.653784477590240165e+00
3.755357999999999663e+01 -1.222910600000000017e+02 4.660046306315354769e+00
3.755308999999999742e+01 -1.222905800000000056e+02 4.729032765949757078e+00
3.755297999999999803e+01 -1.222904800000000023e+02 4.744109892697276898e+00
3.755259999999999820e+01 -1.222901600000000002e+02 4.794915191778025942e+00
3.755230999999999852e+01 -1.222898899999999998e+02 4.834994673379575225e+00
3.755199999999999960e+01 -1.222896300000000025e+02 4.876389758078287784e+00
3.755183999999999855e+01 -1.222895000000000039e+02 4.897552529127846555e+00
3.755167000000000144e+01 -1.222894100000000037e+02 4.918053191308674243e+00
3.755131000000000085e+01 -1.222893100000000004e+02 4.959042575289262622e+00
3.755071999999999832e+01 -1.222891500000000065e+02 5.026146743073294232e+00
3.755058999999999969e+01 -1.222890799999999984e+02 5.041864184780465052e+00
3.755044000000000182e+01 -1.222889899999999983e+02 5.060334367495339158e+00
3.755019999999999669e+01 -1.222887699999999995e+02 5.093324302358293920e+00
3.754955000000000354e+01 -1.222882199999999955e+02 5.180358182647422538e+00
3.754921999999999827e+01 -1.222878800000000012e+02 5.227738636367143421e+00
3.754860000000000042e+01 -1.222873100000000051e+02 5.313049656315440572e+00
3.754818000000000211e+01 -1.222869199999999950e+02 5.371042802833976282e+00
3.754733000000000231e+01 -1.222861300000000000e+02 5.488447581578910217e+00
3.754666999999999888e+01 -1.222854700000000037e+02 5.582104181977974200e+00
3.754646000000000328e+01 -1.222852800000000002e+02 5.610841851611795938e+00
3.754635999999999996e+01 -1.222851799999999969e+02 5.625032288963998539e+00
3.754628999999999905e+01 -1.222851799999999969e+02 5.632815933829218302e+00
3.754623000000000133e+01 -1.222851500000000016e+02 5.639992760138157202e+00
3.754616000000000042e+01 -1.222850999999999999e+02 5.648937959311806090e+00
3.754610999999999876e+01 -1.222850499999999982e+02 5.656033188091018182e+00
3.754596000000000089e+01 -1.222849099999999964e+02 5.676782653642363563e+00
3.754556999999999789e+01 -1.222845599999999990e+02 5.730006373714787493e+00
3.754540000000000077e+01 -1.222843900000000019e+02 5.754130232754604890e+00
3.754504000000000019e+01 -1.222840300000000013e+02 5.805216121994895673e+00
3.754496999999999929e+01 -1.222840099999999950e+02 5.813196990393164398e+00
3.754487000000000307e+01 -1.222839500000000044e+02 5.825510616094539351e+00
3.754476999999999975e+01 -1.222838699999999932e+02 5.838678360474256479e+00
3.754471999999999809e+01 -1.222838600000000042e+02 5.844307576045813413e+00
3.754469000000000278e+01 -1.222838500000000010e+02 5.847757962986937841e+00
3.754464999999999719e+01 -1.222838600000000042e+02 5.852292297445311320e+00
3.754457000000000022e+01 -1.222838699999999932e+02 5.861231474501002126e+00
3.754332999999999743e+01 -1.222848000000000042e+02 6.021650546921192060e+00
3.754332000000000136e+01 -1.222848099999999931e+02 6.023069613322661553e+00
3.754305999999999699e+01 -1.222850099999999998e+02 6.056933397977170230e+00
3.754265000000000185e+01 -1.222852900000000034e+02 6.108778031418273358e+00
3.754261999999999944e+01 -1.222853099999999955e+02 6.112551254341291873e+00
3.754254999999999853e+01 -1.222853199999999987e+02 6.120384673843831003e+00
3.754249999999999687e+01 -1.222853099999999955e+02 6.126013893527486154e+00
3.754243999999999915e+01 -1.222852800000000002e+02 6.133190769391545949e+00
3.754223999999999961e+01 -1.222850999999999999e+02 6.160511645058653230e+00
3.754146999999999679e+01 -1.222844800000000021e+02 6.262093777970870079e+00
3.754126000000000118e+01 -1.222843000000000018e+02 6.290327277799199202e+00
3.754100999999999999e+01 -1.222840400000000045e+02 6.326358757267069421e+00
3.754115000000000180e+01 -1.222838100000000026e+02 6.351923706830630678e+00
3.754120000000000346e+01 -1.222837200000000024e+02 6.361612731122407993e+00
3.754133000000000209e+01 -1.222835000000000036e+02 6.385803632470252289e+00
3.754144000000000148e+01 -1.222833100000000002e+02 6.406545731592233395e+00
3.754164999999999708e+01 -1.222830199999999934e+02 6.441172629213506085e+00
3.754171000000000191e+01 -1.222829799999999949e+02 6.448719096171289245e+00
3.754182999999999737e+01 -1.222829700000000059e+02 6.462091584321950855e+00
3.754196000000000311e+01 -1.222829899999999981e+02 6.476654079312550216e+00
3.754200999999999766e+01 -1.222830199999999934e+02 6.482810936896099996e+00
3.754223999999999961e+01 -1.222831500000000062e+02 6.510836694841254157e+00
3.754245000000000232e+01 -1.222832800000000049e+02 6.536848930231747623e+00
3.754261999999999944e+01 -1.222834299999999956e+02 6.559919017547676034e+00
3.754270000000000351e+01 -1.222835400000000021e+02 6.573079138564514423e+00
3.754312999999999789e+01 -1.222844199999999972e+02 6.664215191967630680e+00
3.754332000000000136e+01 -1.222848099999999931e+02 6.704571801505880835e+00
3.754455000000000098e+01 -1.222838899999999995e+02 6.863584635807934653e+00
3.754457000000000022e+01 -1.222838699999999932e+02 6.866422750464802327e+00
3.754482999999999748e+01 -1.222836900000000071e+02 6.899402582262517569e+00
3.754491999999999763e+01 -1.222836300000000023e+02 6.910722176754674706e+00
3.754500999999999777e+01 -1.222837999999999994e+02 6.928743997562145651e+00
3.754505000000000337e+01 -1.222838799999999964e+02 6.937082402288802463e+00
3.754511999999999716e+01 -1.222839599999999933e+02 6.947586265797710325e+00
3.754565000000000197e+01 -1.222844300000000004e+02 7.019628866769635600e+00
3.754603000000000179e+01 -1.222848000000000042e+02 7.073009420746627640e+00
3.754617999999999967e+01 -1.222849400000000060e+02 7.093758879403598172e+00
3.754623000000000133e+01 -1.222849800000000045e+02 7.100342716498957429e+00
3.754628999999999905e+01 -1.222850399999999951e+02 7.108856985522236549e+00
3.754625999999999664e+01 -1.222850999999999999e+02 7.115110714340892706e+00
3.754623000000000133e+01 -1.222851500000000016e+02 7.120638762399514654e+00
3.754617999999999967e+01 -1.222852400000000017e+02 7.130327348240549590e+00
3.754614999999999725e+01 -1.222852900000000034e+02 7.135855400071948296e+00
3.754532999999999987e+01 -1.222866800000000040e+02 7.288601453159582633e+00
3.754507999999999868e+01 -1.222871099999999984e+02 7.335611648861715572e+00
3.754493999999999687e+01 -1.222873600000000067e+02 7.362595764110683838e+00
3.754482000000000141e+01 -1.222875599999999991e+02 7.384708213801636667e+00
3.754473999999999734e+01 -1.222877000000000010e+02 7.399922681640646260e+00
3.754471999999999809e+01 -1.222877399999999994e+02 7.404091896007887641e+00
3.754464999999999719e+01 -1.222878599999999949e+02 7.417226387864008785e+00
3.754462000000000188e+01 -1.222878999999999934e+02 7.422080719536800153e+00
3.754453000000000173e+01 -1.222880700000000047e+02 7.440102605553988724e+00
3.754448000000000008e+01 -1.222881399999999985e+02 7.448409119229114417e+00
3.754442000000000235e+01 -1.222882500000000050e+02 7.460180448628721983e+00
3.754438999999999993e+01 -1.222883000000000067e+02 7.465708583449357505e+00
3.754435999999999751e+01 -1.222883499999999941e+02 7.471236719683560956e+00
3.754431000000000296e+01 -1.222884399999999943e+02 7.480925468531415490e+00
3.754415999999999798e+01 -1.222886900000000026e+02 7.508566182713438231e+00
3.754411000000000342e+01 -1.222887599999999964e+02 7.516872719145244020e+00
3.754404999999999859e+01 -1.222888800000000060e+02 7.529380440274553443e+00
3.754399999999999693e+01 -1.222889600000000030e+02 7.538361432157200781e+00
3.754386999999999830e+01 -1.222891699999999986e+02 7.561850762100651657e+00
3.754381999999999664e+01 -1.222892700000000019e+02 7.572273886548917865e+00
3.754370999999999725e+01 -1.222894299999999959e+02 7.590944700761090402e+00
3.754350000000000165e+01 -1.222896999999999963e+02 7.624290268959754258e+00
3.754332000000000136e+01 -1.222899100000000061e+02 7.651555636750346778e+00
3.754317000000000348e+01 -1.222900599999999969e+02 7.672841641602770046e+00
3.754310000000000258e+01 -1.222901300000000049e+02 7.682775116192232190e+00
3.754301999999999850e+01 -1.222902100000000019e+02 7.694127662988213601e+00
3.754285999999999746e+01 -1.222903500000000037e+02 7.715781354057162034e+00
3.754281000000000290e+01 -1.222903799999999990e+02 7.721938198685765364e+00
3.754265999999999792e+01 -1.222904900000000055e+02 7.741232084103277344e+00
3.754245999999999839e+01 -1.222906299999999931e+02 7.766666902337999723e+00
3.754234999999999900e+01 -1.222907000000000011e+02 7.780367183635969575e+00
3.754211000000000098e+01 -1.222908299999999997e+02 7.809411202010875463e+00
3.754207999999999856e+01 -1.222909700000000015e+02 7.822197416902924694e+00
3.754207000000000249e+01 -1.222910200000000032e+02 7.826743848460077757e+00
3.754207999999999856e+01 -1.222910899999999970e+02 7.833014917290743284e+00
3.754209000000000174e+01 -1.222911200000000065e+02 7.835884155594422751e+00
3.754211000000000098e+01 -1.222911699999999939e+02 7.840821697530848233e+00
3.754218000000000188e+01 -1.222912199999999956e+02 7.849767014720829827e+00
3.754227000000000203e+01 -1.222912699999999973e+02 7.860702482493153731e+00
3.754247999999999763e+01 -1.222913700000000006e+02 7.885662449556586573e+00
3.754270999999999958e+01 -1.222914099999999991e+02 7.911479293392385870e+00
3.754299000000000319e+01 -1.222915299999999945e+02 7.944362378669315383e+00
3.754330999999999818e+01 -1.222916799999999995e+02 7.982322923371097723e+00
3.754339000000000226e+01 -1.222917800000000028e+02 7.994847434186542756e+00
3.754330999999999818e+01 -1.222919200000000046e+02 8.010062094101126462e+00
3.754319000000000273e+01 -1.222921699999999987e+02 8.035827788214836787e+00
3.754307000000000016e+01 -1.222923100000000005e+02 8.054004731554801566e+00
3.754290999999999912e+01 -1.222924100000000038e+02 8.073860685491247580e+00
3.754278000000000048e+01 -1.222924399999999991e+02 8.088556018850916018e+00
3.754254999999999853e+01 -1.222924900000000008e+02 8.114508001255057223e+00
3.754236000000000217e+01 -1.222925400000000025e+02 8.136090055452946501e+00
3.754178000000000281e+01 -1.222933199999999943e+02 8.230370053941246766e+00
3.754160999999999859e+01 -1.222935899999999947e+02 8.260767725163089992e+00
3.754137999999999664e+01 -1.222939300000000031e+02 8.300171990650861531e+00
3.754073999999999955e+01 -1.222949299999999937e+02 8.413477229819301684e+00
3.754072000000000031e+01 -1.222949700000000064e+02 8.417646604236086461e+00
3.754061999999999699e+01 -1.222952400000000068e+02 8.443921088167387623e+00
3.754057000000000244e+01 -1.222955099999999931e+02 8.468367300717591917e+00
3.754054000000000002e+01 -1.222958699999999936e+02 8.500282927532952115e+00
3.754052999999999685e+01 -1.222962899999999991e+02 8.537330579421634980e+00
3.754050000000000153e+01 -1.222970399999999955e+02 8.603541400486202306e+00
3.754043000000000063e+01 -1.222971600000000052e+02 8.616676374721023990e+00
3.754039000000000215e+01 -1.222976299999999981e+02 8.658353865785867853e+00
3.754034999999999656e+01 -1.222977599999999967e+02 8.670648584258236369e+00
3.754028999999999883e+01 -1.222979899999999986e+02 8.691996793604488403e+00
3.754019000000000261e+01 -1.222982499999999959e+02 8.717475289711799746e+00
3.753985000000000127e+01 -1.222988799999999969e+02 8.784667285031375172e+00
3.753947999999999752e+01 -1.222995800000000060e+02 8.858842131382797191e+00
3.753947000000000145e+01 -1.222996399999999966e+02 8.864247941176126133e+00
3.753940999999999661e+01 -1.222997500000000031e+02 8.876019807507402604e+00
3.753925000000000267e+01 -1.223000200000000035e+02 8.905739365684818054e+00
3.753913000000000011e+01 -1.223001900000000006e+02 8.925807150604388340e+00
3.753905000000000314e+01 -1.223000899999999973e+02 8.938332016045400508e+00
3.753873000000000104e+01 -1.222997100000000046e+02 8.987206208238161409e+00
3.753862999999999772e+01 -1.222996200000000044e+02 9.000866872340006708e+00
3.753822000000000259e+01 -1.222992600000000039e+02 9.056418449411115290e+00
3.753743999999999659e+01 -1.222983600000000024e+02 9.173975471611342414e+00
3.753723000000000098e+01 -1.222980900000000020e+02 9.207322468943051064e+00
3.753706999999999994e+01 -1.222978600000000000e+02 9.234300160974040494e+00
3.753701000000000221e+01 -1.222977999999999952e+02 9.242814836446548554e+00
3.753697999999999979e+01 -1.222977699999999999e+02 9.247072175174531949e+00
3.753678000000000026e+01 -1.222980400000000003e+02 9.279650319220021260e+00
3.753634999999999877e+01 -1.222986099999999965e+02 9.349019810502840144e+00
3.753598999999999819e+01 -1.222990700000000004e+02 9.406006966839790095e+00
3.753567000000000320e+01 -1.222994599999999963e+02 9.455490745401464281e+00
3.753551000000000215e+01 -1.222996700000000061e+02 9.481169430576242618e+00
3.753542999999999807e+01 -1.222997699999999952e+02 9.493694597346960862e+00
3.753524999999999778e+01 -1.223000200000000035e+02 9.523469279406029386e+00
3.753511000000000308e+01 -1.223001900000000006e+02 9.545080262199364896e+00
3.753504000000000218e+01 -1.223002699999999976e+02 9.555584761589026144e+00
3.753499999999999659e+01 -1.223003099999999961e+02 9.561261271265133033e+00
3.753491999999999962e+01 -1.223003499999999946e+02 9.570830570002438975e+00
3.753481000000000023e+01 -1.223004999999999995e+02 9.588845688026108149e+00
3.753461000000000070e+01 -1.223007599999999968e+02 9.620785648342208063e+00
3.753430999999999784e+01 -1.223011900000000054e+02 9.671287047865835262e+00
3.753419000000000239e+01 -1.223014100000000042e+02 9.694831892866357492e+00
3.753410000000000224e+01 -1.223016499999999951e+02 9.718241218247433366e+00
3.753401999999999816e+01 -1.223019100000000066e+02 9.742832463713272162e+00
3.753394999999999726e+01 -1.223021600000000007e+02 9.766210461445730573e+00
3.753392000000000195e+01 -1.223024699999999996e+02 9.793748052386304082e+00
3.753390999999999877e+01 -1.223026899999999983e+02 9.813178787046581419e+00
3.753392000000000195e+01 -1.223035299999999950e+02 9.887255630574335541e+00
3.753385000000000105e+01 -1.223041699999999992e+02 9.944223051824431892e+00
3.753379000000000332e+01 -1.223045400000000029e+02 9.977523676221416338e+00
3.753372999999999848e+01 -1.223047700000000049e+02 9.998873580264616479e+00
3.753367999999999682e+01 -1.223049500000000052e+02 1.001569103834152585e+01
3.753365000000000151e+01 -1.223051399999999944e+02 1.003277355855999708e+01
3.753352999999999895e+01 -1.223054699999999997e+02 1.006478553693519196e+01
3.753343000000000274e+01 -1.223057299999999969e+02 1.009026590292407555e+01
3.753314999999999912e+01 -1.223062500000000057e+02 1.014568969281606670e+01
3.753300000000000125e+01 -1.223064799999999934e+02 1.017194824284459465e+01
3.753280999999999779e+01 -1.223067400000000049e+02 1.020312460715217995e+01
3.753264999999999674e+01 -1.223068899999999957e+02 1.022529379075939460e+01
3.753255999999999659e+01 -1.223070000000000022e+02 1.023923055812225158e+01
3.753242000000000189e+01 -1.223071400000000040e+02 1.025909860219578285e+01
3.753226000000000084e+01 -1.223073499999999996e+02 1.028477786926245585e+01
3.753213000000000221e+01 -1.223075900000000047e+02 1.031040648369389601e+01
3.753199000000000041e+01 -1.223079100000000068e+02 1.034263310258002022e+01
3.753193000000000268e+01 -1.223080499999999944e+02 1.035666564881668528e+01
3.753188000000000102e+01 -1.223081999999999994e+02 1.037101350481436768e+01
3.753184000000000253e+01 -1.223083000000000027e+02 1.038088966974077643e+01
3.753175000000000239e+01 -1.223085300000000046e+02 1.040350558182724150e+01
3.753168000000000148e+01 -1.223087699999999955e+02 1.042605463728178172e+01
3.753157000000000210e+01 -1.223094899999999967e+02 1.049071135286971490e+01
3.753152000000000044e+01 -1.223097999999999956e+02 1.051860668766927454e+01
3.753144999999999953e+01 -1.223100199999999944e+02 1.053950947860128373e+01
3.753135999999999939e+01 -1.223102599999999995e+02 1.056291950684790137e+01
3.753126000000000317e+01 -1.223104600000000062e+02 1.058376826325949693e+01
3.753045999999999793e+01 -1.223118300000000005e+02 1.073379334357797710e+01
3.753012999999999977e+01 -1.223123899999999935e+02 1.079531566248064856e+01
3.752996000000000265e+01 -1.223126599999999939e+02 1.082571624642219277e+01
3.752987000000000251e+01 -1.223128300000000053e+02 1.084374058327415291e+01
3.752985999999999933e+01 -1.223129700000000071e+02 1.085613597857078005e+01
3.752991000000000099e+01 -1.223132399999999933e+02 1.088058552062660311e+01
3.753000000000000114e+01 -1.223134900000000016e+02 1.090479603679650467e+01
3.753002999999999645e+01 -1.223136700000000019e+02 1.092101543646676021e+01
3.753002999999999645e+01 -1.223138200000000069e+02 1.093424264285197012e+01
3.753002000000000038e+01 -1.223139900000000040e+02 1.094927466076011591e+01
3.753000000000000114e+01 -1.223140800000000041e+02 1.095751668687086600e+01
3.752996000000000265e+01 -1.223142200000000059e+02 1.097063887503285962e+01
3.752994000000000341e+01 -1.223142799999999966e+02 1.097637814527598721e+01
3.752978999999999843e+01 -1.223148500000000070e+02 1.102933677052842398e+01
3.752967999999999904e+01 -1.223155200000000065e+02 1.108967135436837026e+01
3.752965999999999980e+01 -1.223158300000000054e+02 1.111709802421477278e+01
3.752969000000000221e+01 -1.223159100000000024e+02 1.112490151488313295e+01
3.752976999999999919e+01 -1.223162800000000061e+02 1.115871968167645534e+01
3.752985000000000326e+01 -1.223165800000000019e+02 1.118662974578032987e+01
3.752998999999999796e+01 -1.223169999999999931e+02 1.122680465121922033e+01
3.753003999999999962e+01 -1.223173400000000015e+02 1.125729746258956254e+01
3.753000999999999721e+01 -1.223175899999999956e+02 1.127959376579514839e+01
3.752998000000000189e+01 -1.223177600000000069e+02 1.129495127837262380e+01
3.752993000000000023e+01 -1.223179099999999977e+02 1.130929945316434093e+01
3.752985999999999933e+01 -1.223180700000000058e+02 1.132541312119529309e+01
3.752938999999999936e+01 -1.223187999999999960e+02 1.140832951225212710e+01
3.752926000000000073e+01 -1.223191099999999949e+02 1.143925264719806734e+01
3.752917999999999665e+01 -1.223193600000000032e+02 1.146302530673354347e+01
3.752909999999999968e+01 -1.223200499999999948e+02 1.152451800666773707e+01
3.752911000000000286e+01 -1.223204199999999986e+02 1.155716446254648311e+01
3.752913000000000210e+01 -1.223206700000000069e+02 1.157932196182431994e+01
3.752918999999999983e+01 -1.223209300000000042e+02 1.160320036935772237e+01
3.752926999999999680e+01 -1.223211199999999934e+02 1.162217007135762081e+01
3.752935000000000088e+01 -1.223212900000000047e+02 1.163960168157044883e+01
3.752951999999999799e+01 -1.223215100000000035e+02 1.166668840964128684e+01
3.752962999999999738e+01 -1.223216199999999958e+02 1.168229925125139701e+01
3.752973000000000070e+01 -1.223217400000000055e+02 1.169764910209082664e+01
3.753023000000000309e+01 -1.223222399999999936e+02 1.176860732429162937e+01
3.753043999999999869e+01 -1.223223799999999954e+02 1.179502083634716492e+01
3.753063999999999822e+01 -1.223224900000000019e+02 1.181928315771098426e+01
3.753097000000000349e+01 -1.223226300000000037e+02 1.185799851767748869e+01
3.753112999999999744e+01 -1.223226999999999975e+02 1.187683007410414504e+01
3.753146999999999878e+01 -1.223228199999999930e+02 1.191608926886813791e+01
3.753168000000000148e+01 -1.223229199999999963e+02 1.194104968704674263e+01
3.753177000000000163e+01 -1.223229900000000043e+02 1.195280772144480075e+01
3.753199000000000041e+01 -1.223232500000000016e+02 1.198633474297844437e+01
3.753231000000000250e+01 -1.223237699999999961e+02 1.204437442113853329e+01
3.753244000000000113e+01 -1.223239899999999949e+02 1.206856717682353519e+01
3.753265999999999991e+01 -1.223244399999999956e+02 1.211518216566918404e+01
3.753280999999999779e+01 -1.223246800000000007e+02 1.214212765764509960e+01
3.753289000000000186e+01 -1.223248399999999947e+02 1.215880641634889514e+01
3.753300000000000125e+01 -1.223251499999999936e+02 1.218875335347776279e+01
3.753303999999999974e+01 -1.223252999999999986e+02 1.220270784595304470e+01
3.753305000000000291e+01 -1.223253700000000066e+02 1.220897965036532717e+01
3.753305999999999898e+01 -1.223254699999999957e+02 1.221786726390298305e+01
3.753307000000000215e+01 -1.223256300000000039e+02 1.223201946092365944e+01
3.753307000000000215e+01 -1.223257200000000040e+02 1.223995546128227474e+01
3.753302000000000049e+01 -1.223265899999999959e+02 1.231687135910764574e+01
3.753300000000000125e+01 -1.223269800000000060e+02 1.235133255440884348e+01
3.753302999999999656e+01 -1.223270499999999998e+02 1.235834875071355299e+01
3.753302000000000049e+01 -1.223272300000000001e+02 1.237425966338203942e+01
3.753300000000000125e+01 -1.223276199999999960e+02 1.240872085868198660e+01
3.753294999999999959e+01 -1.223281400000000048e+02 1.245490920122708367e+01
3.753293000000000035e+01 -1.223283299999999940e+02 1.247180996447550783e+01
3.753291999999999717e+01 -1.223284100000000052e+02 1.247895130050876311e+01
3.753289000000000186e+01 -1.223286099999999976e+02 1.249689961810493344e+01
3.753285000000000338e+01 -1.223288100000000043e+02 1.251508745510358445e+01
3.753284000000000020e+01 -1.223288500000000028e+02 1.251878570065365714e+01
3.753280000000000172e+01 -1.223290599999999984e+02 1.253782977748345395e+01
3.753276999999999930e+01 -1.223292000000000002e+02 1.255061748019849333e+01
3.753271999999999764e+01 -1.223294800000000038e+02 1.257592560683614735e+01
3.753271000000000157e+01 -1.223295700000000039e+02 1.258393916612208230e+01
3.753267999999999915e+01 -1.223297500000000042e+02 1.260015800765566851e+01
3.753262999999999749e+01 -1.223300299999999936e+02 1.262546616335854743e+01
3.753253000000000128e+01 -1.223306599999999946e+02 1.268212045402547439e+01
3.753249999999999886e+01 -1.223308200000000028e+02 1.269661800780821359e+01
3.753249000000000279e+01 -1.223309200000000061e+02 1.270550568703649574e+01
3.753247000000000355e+01 -1.223310199999999952e+02 1.271459965024474492e+01
3.753244000000000113e+01 -1.223311099999999954e+02 1.272320830989183449e+01
3.753240000000000265e+01 -1.223312399999999940e+02 1.273550416762609672e+01
3.753235000000000099e+01 -1.223313799999999958e+02 1.274904336682836536e+01
3.753226000000000084e+01 -1.223315599999999961e+02 1.276780706848129832e+01
3.753206000000000131e+01 -1.223319500000000062e+02 1.280876103876917682e+01
3.753188999999999709e+01 -1.223323000000000036e+02 1.284495265967496991e+01
3.753184999999999860e+01 -1.223324099999999959e+02 1.285562352246751772e+01
3.753182000000000329e+01 -1.223324999999999960e+02 1.286423224293214318e+01
3.753181000000000012e+01 -1.223325600000000009e+02 1.286963858453462350e+01
3.753177000000000163e+01 -1.223327400000000011e+02 1.288612227200874294e+01
3.753173999999999921e+01 -1.223329399999999936e+02 1.290407085679676946e+01
3.753170999999999680e+01 -1.223330899999999986e+02 1.291771193144079177e+01
3.753168999999999755e+01 -1.223332400000000035e+02 1.293112449565762923e+01
3.753166999999999831e+01 -1.223334499999999991e+02 1.294977523748618431e+01
3.753166999999999831e+01 -1.223334700000000055e+02 1.295153882622649277e+01
3.753166000000000224e+01 -1.223338999999999999e+02 1.298947228754306060e+01
3.753166000000000224e+01 -1.223340699999999970e+02 1.300446279384054726e+01
3.753168000000000148e+01 -1.223341999999999956e+02 1.301613984767260490e+01
3.753170000000000073e+01 -1.223343799999999959e+02 1.303216718226863335e+01
3.753181000000000012e+01 -1.223350099999999969e+02 1.308905076495957154e+01
3.753184000000000253e+01 -1.223351700000000051e+02 1.310354844576576028e+01
3.753186000000000178e+01 -1.223353699999999975e+02 1.312132395553931197e+01
3.753186000000000178e+01 -1.223354800000000040e+02 1.313102366889869188e+01
3.753184000000000253e+01 -1.223357500000000044e+02 1.315493569901310522e+01
3.753179999999999694e+01 -1.223358900000000062e+02 1.316805760065287600e+01
3.753171999999999997e+01 -1.223359600000000000e+02 1.317888497370527112e+01
3.753166999999999831e+01 -1.223361100000000050e+02 1.319323286403536244e+01
3.753161999999999665e+01 -1.223363200000000006e+02 1.321256717413894677e+01
3.753157999999999817e+01 -1.223365799999999979e+02 1.323592130292678348e+01
3.753157000000000210e+01 -1.223367700000000013e+02 1.325271227607995606e+01
3.753159000000000134e+01 -1.223369500000000016e+02 1.326873963385875932e+01
3.753161000000000058e+01 -1.223371099999999956e+02 1.328302255351345096e+01
3.753168000000000148e+01 -1.223372899999999959e+02 1.330070065185459072e+01
3.753171999999999997e+01 -1.223373799999999960e+02 1.330979819626174177e+01
3.753179000000000087e+01 -1.223375099999999946e+02 1.332365433892053197e+01
3.753191000000000344e+01 -1.223376800000000060e+02 1.334372322585617709e+01
3.753204999999999814e+01 -1.223377499999999998e+02 1.336046958955175690e+01
3.753215000000000146e+01 -1.223377600000000029e+02 1.337162399090138365e+01
3.753242000000000189e+01 -1.223374699999999962e+02 1.341106098624629794e+01
3.753325000000000244e+01 -1.223364899999999977e+02 1.353749373466989780e+01
3.753334000000000259e+01 -1.223366199999999964e+02 1.355271060229187263e+01
3.753336999999999790e+01 -1.223366500000000059e+02 1.355696802124418454e+01
3.753372999999999848e+01 -1.223371199999999988e+02 1.361458712520598802e+01
0.000000000000000000e+00 0.000000000000000000e+00 0.000000000000000000e+00
0.000000000000000000e+00 0.000000000000000000e+00 0.000000000000000000e+00
0.000000000000000000e+00 0.000000000000000000e+00 0.000000000000000000e+00
0.000000000000000000e+00 0.000000000000000000e+00 0.000000000000000000e+00
0.000000000000000000e+00 0.000000000000000000e+00 0.000000000000000000e+00
0.000000000000000000e+00 0.000000000000000000e+00 0.000000000000000000e+00
0.000000000000000000e+00 0.000000000000000000e+00 0.000000000000000000e+00
0.000000000000000000e+00 0.000000000000000000e+00 0.000000000000000000e+00
0.000000000000000000e+00 0.000000000000000000e+00 0.000000000000000000e+00
0.000000000000000000e+00 0.000000000000000000e+00 0.000000000000000000e+00
0.000000000000000000e+00 0.000000000000000000e+00 0.000000000000000000e+00
0.000000000000000000e+00 0.000000000000000000e+00 0.000000000000000000e+00
0.000000000000000000e+00 0.000000000000000000e+00 0.000000000000000000e+00
0.000000000000000000e+00 0.000000000000000000e+00 0.000000000000000000e+00
0.000000000000000000e+00 0.000000000000000000e+00 0.000000000000000000e+00
0.000000000000000000e+00 0.000000000000000000e+00 0.000000000000000000e+00
0.000000000000000000e+00 0.000000000000000000e+00 0.000000000000000000e+00
0.000000000000000000e+00 0.000000000000000000e+00 0.000000000000000000e+00
0.000000000000000000e+00 0.000000000000000000e+00 0.000000000000000000e+00
0.000000000000000000e+00 0.000000000000000000e+00 0.000000000000000000e+00
0.000000000000000000e+00 0.000000000000000000e+00 0.000000000000000000e+00
0.000000000000000000e+00 0.000000000000000000e+00 0.000000000000000000e+00
0.000000000000000000e+00 0.000000000000000000e+00 0.000000000000000000e+00
0.000000000000000000e+00 0.000000000000000000e+00 0.000000000000000000e+00
0.000000000000000000e+00 0.000000000000000000e+00 0.000000000000000000e+00
0.000000000000000000e+00 0.000000000000000000e+00 0.000000000000000000e+00
0.000000000000000000e+00 0.000000000000000000e+00 0.000000000000000000e+00
0.000000000000000000e+00 0.000000000000000000e+00 0.000000000000000000e+00
0.000000000000000000e+00 0.000000000000000000e+00 0.000000000000000000e+00
0.000000000000000000e+00 0.000000000000000000e+00 0.000000000000000000e+00
0.000000000000000000e+00 0.000000000000000000e+00 0.000000000000000000e+00
0.000000000000000000e+00 0.000000000000000000e+00 0.000000000000000000e+00
0.000000000000000000e+00 0.000000000000000000e+00 0.000000000000000000e+00
0.000000000000000000e+00 0.000000000000000000e+00 0.000000000000000000e+00
0.000000000000000000e+00 0.000000000000000000e+00 0.000000000000000000e+00
0.000000000000000000e+00 0.000000000000000000e+00 0.000000000000000000e+00
0.000000000000000000e+00 0.000000000000000000e+00 0.000000000000000000e+00
0.000000000000000000e+00 0.000000000000000000e+00 0.000000000000000000e+00
0.000000000000000000e+00 0.000000000000000000e+00 0.000000000000000000e+00
0.000000000000000000e+00 0.000000000000000000e+00 0.000000000000000000e+00
0.000000000000000000e+00 0.000000000000000000e+00 0.000000000000000000e+00
0.000000000000000000e+00 0.000000000000000000e+00 0.000000000000000000e+00
0.000000000000000000e+00 0.000000000000000000e+00 0.000000000000000000e+00
0.000000000000000000e+00 0.000000000000000000e+00 0.000000000000000000e+00
